id	label	x	y	cluster	weight<Links>	weight<Total link strength>	weight<Occurrences>	score<Avg. pub. year>	score<Avg. citations>	score<Avg. norm. citations>
1	account	-0.2611	0.2163	3	52	81	10	2018.9	8.7	0.7121
2	accountability	1.0401	0.4074	2	46	107	13	2019.6154	9.1538	0.9884
3	accuracy	-0.4314	-0.2456	1	83	269	44	2019.0909	12.5	1.0087
4	action	0.4625	0.7164	3	68	210	27	2018.963	7.9259	0.6654
5	addition	0.1397	0.8386	3	65	150	20	2019.65	3.25	0.4932
6	adoption	0.3609	0.0796	2	55	92	13	2018.8462	22.3846	0.9124
7	agent	0.1053	0.5803	3	65	162	27	2018.8889	5	0.3812
8	algorithmic fairness	0.4836	-0.763	2	44	74	12	2019.5833	9.1667	1.29
9	area	0.9357	0.1318	2	77	219	30	2019	11.4333	0.7287
10	attention	1.0421	-0.0221	2	68	148	21	2019.2381	10.6667	0.8613
11	behavior	0.2633	0.6545	3	85	289	41	2018.9756	7.878	0.8897
12	case study	0.4284	-0.369	2	69	133	19	2018.2632	10.6842	0.975
13	challenge	0.5827	-0.1287	2	94	362	52	2019.5	6.9038	0.8957
14	choice	-0.0526	-0.3517	1	59	94	15	2018.4	14.1333	1.2102
15	class	-0.8317	-0.1729	1	72	157	27	2018.5926	35.5556	1.3536
16	classifier	-0.5259	-0.4664	1	63	147	27	2019.0741	14.037	0.9492
17	collection	-0.1313	-0.1618	4	64	140	20	2019.25	5.8	1.3145
18	community	0.7551	-0.407	2	73	200	30	2019.2667	14.9667	1.1234
19	condition	-0.9557	0.056	1	61	111	18	2019.0556	3.2222	1.2092
20	constraint	-0.3377	0.3148	3	68	148	23	2018.5652	13.7391	0.7746
21	cost	-0.7323	0.431	1	67	179	26	2019.4615	7	0.6701
22	decision making	0.5088	0.4451	3	83	231	33	2019.1515	10.8182	0.8127
23	definition	-0.4102	-0.5171	1	71	159	26	2019	14.1154	0.777
24	detail	0.0359	0.3133	3	41	72	10	2018.9	5.7	0.4806
25	development	0.4837	-0.0233	2	77	203	29	2019.3793	15.7241	1.6397
26	differential privacy	-1.0336	0.2361	1	52	158	29	2018.6552	9.5517	0.5774
27	discrimination	-0.3737	-0.7104	1	66	131	20	2018.65	17.35	1.0972
28	distribution	-0.9647	-0.2449	1	71	219	40	2018.675	9.1	0.6354
29	diversity	-0.4268	0.0788	1	53	74	11	2019.4545	4.9091	0.4097
30	end	-0.2594	0.6563	4	63	141	20	2019.6	8.25	1.2288
31	environment	-0.1079	0.5735	3	62	154	28	2018.8571	5.7143	1.032
32	error	-1.0488	-0.1745	1	60	119	21	2017.8571	15	1.0234
33	ethics	1.1259	-0.2318	2	41	74	14	2018.7857	17.9286	0.9916
34	experience	0.5811	-0.4924	2	58	111	15	2019.0667	7.2	0.545
35	explainability	0.5163	-0.2453	2	50	87	11	2019.8182	8.5455	1.9494
36	explanation	0.39	0.316	3	80	244	37	2019.4595	12.7027	1.4093
37	fact	0.7234	0.4135	3	46	74	13	2019.2308	4.3077	0.4834
38	fairness metric	-0.2964	-0.6254	1	45	70	12	2019.5	5.9167	0.587
39	feature	-0.2915	-0.4148	1	73	184	29	2019.069	13.5517	1.1326
40	federated learning	-0.3918	0.9906	4	32	94	12	2020.25	3.1667	1.4772
41	field	0.9885	-0.2012	2	60	111	17	2019.1176	10.2941	1.1321
42	gender	-0.6714	-0.6122	1	58	102	16	2019.5	7.4375	0.7136
43	harm	0.13	-0.6431	2	50	82	13	2018.8462	27	2.205
44	human	0.6158	0.606	3	67	172	26	2018.8846	8.1154	0.8638
45	individual	-0.2784	-0.8185	1	63	153	29	2018.7931	6.1379	0.5276
46	industry	0.6508	-0.4308	2	61	124	18	2018.8889	9.7778	0.8803
47	input	-0.5648	0.1351	1	70	143	23	2018.7391	40.0435	1.4985
48	instance	-0.9495	-0.0807	1	44	62	13	2018.1538	14.0769	0.6793
49	internet	-0.323	0.9399	4	44	108	15	2019	5.4	0.8365
50	interpretability	0.1506	-0.1987	2	44	70	10	2019.2	14.9	1.1992
51	intervention	-0.1295	-0.7789	1	45	75	14	2019.1429	20.2857	1.6376
52	issue	0.7367	0.0807	2	84	320	47	2019.0426	7.1915	0.7047
53	law	0.2191	-0.0464	4	66	131	20	2018.6	9.1	0.8956
54	leverage	-0.187	0.9761	4	48	93	13	2019.6154	5.9231	0.9649
55	life	0.1887	-0.3659	3	69	143	22	2018.6364	9.6818	0.6908
56	mechanism	-0.7143	0.6364	4	80	250	41	2019.1951	7.3659	0.5506
57	metric	-0.2604	0.0104	1	63	106	17	2019.5882	8.5294	0.8927
58	notion	-0.8248	0.0435	1	76	196	33	2018.9697	10.2424	0.8581
59	opportunity	0.3204	-0.6953	2	71	137	21	2019.2857	17.4286	1.3261
60	order	-0.0809	0.3882	3	77	162	25	2019.08	6.16	0.6447
61	outcome	-0.157	-0.5295	1	75	200	27	2019.037	15.1852	1.2233
62	output	-0.7187	0.1829	1	61	113	19	2019.3158	8.3158	0.7218
63	part	0.3667	-0.5298	2	65	126	19	2018.7368	9.0526	0.6586
64	perspective	0.7667	-0.1764	2	70	148	20	2019.7	3.85	0.8085
65	policy	-0.3231	0.4625	3	73	167	27	2018.8519	6.9259	1.2053
66	population	-0.077	-0.9169	1	59	111	17	2019	7.5882	0.6861
67	practice	0.6476	-0.6485	2	78	249	40	2019	12.625	1.2556
68	practitioner	0.9197	-0.471	2	64	157	22	2019.1818	15.8182	1.5644
69	preference	0.0321	0.9069	3	62	162	25	2019.2	3.48	0.4955
70	presence	-1.072	0.0027	1	41	56	10	2018.8	7.8	2.3909
71	privacy	-0.5728	0.6131	4	89	370	55	2018.8	8.9091	0.7146
72	process	0.3856	0.5155	3	83	252	42	2019.2857	11.4286	1.3866
73	property	-0.5782	0.3407	1	83	221	33	2018.9394	19.0303	0.9952
74	race	-0.6	-0.7055	1	62	104	16	2019.6875	4.5625	0.3234
75	recommendation	0.4205	0.8957	3	55	124	21	2019.3333	14.2857	0.935
76	regulation	0.121	0.072	4	54	110	17	2018.4118	9.0588	0.433
77	representation	-0.8758	-0.3892	1	62	114	22	2018.5909	14.6818	0.9203
78	research	0.7644	-0.5812	2	89	267	39	2019.2051	12.8974	1.3647
79	researcher	1.021	-0.3645	2	72	246	33	2019.1818	13.3636	0.8669
80	respect	-0.8296	-0.5738	1	53	100	18	2019.2778	5	0.6291
81	role	0.8657	-0.0209	2	70	164	24	2019.125	8.25	1.0549
82	safety	0.3235	-0.1897	2	58	99	13	2019	9.6154	0.4849
83	scenario	0.217	0.4606	3	62	152	22	2018.6364	9.9091	0.7922
84	security	-0.4946	0.7408	4	49	90	14	2018.4286	13	0.6172
85	sensitive attribute	-0.6739	-0.6973	1	47	65	10	2019.1	11.4	0.6945
86	service	-0.1577	0.7423	4	76	215	36	2018.6111	8.1667	1.28
87	society	0.7691	0.2137	2	58	99	17	2019.0588	18.6471	0.855
88	state	-0.8055	0.2872	1	68	141	25	2019.04	11.12	1.5884
89	task	-0.7177	-0.3913	1	84	257	46	2019.1087	19.3913	0.8916
90	technology	1.0603	0.1525	2	68	190	31	2019.3548	5.1935	0.4233
91	text	-0.6741	-0.1541	1	41	62	13	2018.5385	22.3077	0.759
92	topic	0.9108	-0.2755	2	47	88	14	2019.1429	50.6429	1.8331
93	trade off	-0.4541	-0.1014	1	65	127	20	2019.45	7.7	0.9058
94	training data	-0.6346	-0.2687	1	67	134	21	2019.1905	21.4286	1.419
95	transparency	0.8987	0.4589	2	68	162	21	2019.3333	7.8095	1.0534
96	trust	0.5813	0.178	2	61	131	18	2019.3333	8.5556	1.1342
97	type	-0.1233	0.126	4	74	135	21	2019.0952	11.0476	0.8807
98	utility	-0.6484	0.0071	1	69	169	26	2019.1538	8.6154	0.7063
